SKMBT_36317040717360_eq22.png	21
x	1025	106	1098	174
+	1170	108	1220	166
+	1429	108	1489	167
mul	1506	109	1585	172
frac	512	118	692	146
+	935	120	998	176
x	785	120	857	189
x	195	123	277	237
-	373	133	433	149
n	1580	162	1637	216
-	390	163	438	176
2	1084	166	1139	233
0	1313	167	1330	181
8	1362	169	1373	181
6	1259	172	1277	186
1	857	172	869	249
x	563	174	622	236
1	617	191	628	235
1	584	21	595	102
(	709	54	774	214
frac	215	88	309	109
SKMBT_36317040717360_eq29.png	13
-	733	123	782	139
s	319	125	372	214
frac	534	135	684	160
n	420	141	469	198
1	395	143	405	196
-	743	149	784	161
frac	829	169	990	185
8	577	185	650	272
2	863	205	929	290
sqrt	831	21	991	121
8	549	36	651	118
2	891	60	951	137
8	398	89	412	100
SKMBT_36317040717341_eq27.png	12
-	954	105	1025	124
a	826	106	897	157
a	762	108	815	161
y	368	118	457	313
-	523	143	576	158
frac	672	182	1264	206
4	522	189	574	210
2	1133	21	1188	79
4	893	224	964	356
a	978	297	1050	359
b	1075	33	1153	149
4	684	55	745	180
SKMBT_36317040717291_eq7.png	16
-	682	116	731	127
b	1203	20	1267	165
b	254	22	311	141
c	10	35	79	176
)	1445	39	1505	197
c	532	44	625	153
c	1104	49	1166	167
+	420	50	481	147
)	336	52	393	163
+	989	62	1046	126
a	810	62	896	154
a	57	68	124	149
8	135	68	187	152
8	1288	68	1333	155
c	1369	78	1459	167
-	681	80	733	94
SKMBT_36317040717291_eq24.png	6
4	646	107	727	183
7	343	20	990	259
2	580	68	637	130
2	886	88	953	146
x	476	92	557	201
x	784	96	885	255
SKMBT_36317040717320_eq16.png	20
8	615	113	631	130
frac	372	131	520	149
frac	712	135	875	152
x	1274	135	1336	207
-	954	141	1011	153
frac	1079	147	1240	164
frac	570	148	667	162
frac	1347	156	1492	169
4	1537	161	1586	178
b	422	164	491	268
d	753	167	824	281
b	1131	171	1190	268
-	950	174	1001	185
8	612	179	625	197
-	1529	194	1582	204
c	1391	201	1452	278
4	1383	20	1447	122
c	765	35	819	96
a	420	38	495	112
a	1129	53	1204	124
SKMBT_36317040717291_eq22.png	18
-	435	104	533	122
x	159	110	251	224
3	936	116	985	178
-	316	126	366	137
1	721	126	735	193
n	1466	130	1506	184
n	454	146	511	233
4	307	167	369	182
1	482	21	498	109
)	1517	51	1590	215
(	584	57	635	185
x	872	60	949	165
frac	159	65	261	79
x	1379	68	1476	199
x	644	71	719	171
+	1293	75	1352	168
+	1027	80	1076	153
+	761	91	812	157
SKMBT_36317040717360_eq12.png	17
b	1128	21	1180	133
b	636	28	691	139
)	704	28	749	154
(	39	30	87	167
b	294	31	355	149
(	433	31	477	153
2	965	33	1017	87
)	371	34	409	152
2	1183	36	1238	89
+	190	67	247	122
a	890	72	959	133
-	798	74	845	85
a	488	78	551	135
a	84	84	151	147
-	568	86	618	99
-	1044	91	1100	103
-	806	96	853	108
SKMBT_36317040717362_eq12.png	16
frac	1206	115	1272	124
-	1002	123	1044	136
b	482	21	524	150
2	1359	38	1381	68
1	1293	42	1327	172
4	738	51	837	154
)	562	51	593	169
(	628	51	665	177
2	1181	55	1205	84
7	852	61	899	165
+	406	66	460	147
1	309	69	333	158
a	662	74	729	154
a	338	83	405	154
7	996	91	1035	104
a	1087	93	1155	164
SKMBT_36317040717340_eq23.png	18
4	718	108	777	161
x	430	108	507	206
x	830	110	914	203
x	1455	117	1532	203
+	1137	124	1184	181
+	1360	128	1409	180
6	1533	128	1596	228
frac	100	136	179	161
4	1231	149	1255	163
8	520	151	530	179
6	1301	153	1326	169
6	1269	155	1290	169
1	655	160	664	198
2	1055	166	1100	203
4	105	187	180	248
7	260	202	315	236
8	936	20	1059	218
8	578	28	644	229
SKMBT_36317040717260_eq19.png	11
2	228	20	264	54
0	756	30	802	82
b	384	35	420	90
c	595	50	632	89
-	682	52	720	59
a	111	52	162	90
x	175	54	210	98
+	513	56	550	88
x	428	56	465	91
+	312	59	347	85
-	685	65	715	74
SKMBT_36317040717260_eq15.png	12
a	702	22	745	56
c	749	22	786	57
a	232	28	279	60
c	448	33	478	66
frac	686	63	800	71
x	345	67	382	104
frac	216	71	288	80
frac	438	72	498	81
3	749	80	788	132
b	712	82	743	125
4	447	89	479	136
b	243	98	275	142
SKMBT_36317040717363_eq17.png	14
)	230	104	295	258
8	150	112	165	122
frac	96	131	246	160
frac	400	156	479	173
b	156	178	217	275
frac	578	184	825	203
4	418	191	464	212
8	736	201	786	269
a	134	20	217	112
b	640	221	705	294
4	724	43	769	100
a	605	44	705	145
(	34	62	84	222
n	325	77	381	147
SKMBT_36317040717290_eq16.png	24
2	379	108	422	149
x	747	124	797	191
frac	282	133	371	150
-	574	134	607	147
4	926	142	959	159
frac	645	147	745	165
frac	803	147	891	165
frac	451	150	551	166
b	320	152	358	227
frac	977	157	1090	175
-	575	164	617	178
8	477	164	523	255
-	923	170	966	186
3	392	170	417	199
b	674	174	708	262
b	1009	184	1042	265
c	820	201	864	264
c	1045	204	1102	254
1	824	20	867	138
1	1038	53	1068	147
8	303	61	337	128
c	482	72	521	137
9	673	74	707	140
9	996	94	1029	146
SKMBT_36317040717290_eq15.png	12
2	706	109	749	217
-	572	115	614	128
b	671	127	702	209
c	476	20	521	71
c	704	21	745	78
a	668	21	704	88
2	310	25	385	92
8	390	59	436	127
-	574	81	611	94
2	452	86	543	180
frac	638	87	763	104
b	331	95	362	176
SKMBT_36317040717360_eq7.png	16
b	1190	21	1241	151
(	1133	29	1178	162
)	1411	29	1462	163
b	481	31	530	148
(	260	35	309	173
)	540	39	583	155
c	1342	58	1411	138
+	1035	61	1095	114
+	1267	63	1320	123
a	922	65	1009	135
4	405	66	460	119
+	618	72	673	139
c	711	72	781	149
-	816	80	865	93
a	320	84	385	140
-	828	99	869	114
SKMBT_36317040717291_eq9.png	13
frac	605	118	673	134
6	804	20	871	158
b	297	26	356	170
)	514	26	570	176
c	1097	38	1174	147
(	214	38	283	172
4	1023	44	1086	145
a	726	59	790	146
a	114	60	192	148
+	917	61	976	148
c	460	65	511	153
+	378	68	439	155
frac	612	88	670	100
SKMBT_36317040717340_eq35.png	8
-	545	114	602	125
frac	548	132	618	142
A	985	161	1068	275
9	784	172	960	246
4	697	20	1145	147
2	101	28	343	213
4	801	31	847	53
A	366	67	490	217
SKMBT_36317040717320_eq19.png	10
-	1112	100	1150	113
2	530	20	578	61
b	724	32	778	149
5	781	62	857	154
a	358	63	425	145
x	439	64	511	147
c	989	84	1042	155
4	1107	85	1246	153
4	886	86	948	135
+	580	86	659	142
SKMBT_36317040717320_eq7.png	16
frac	936	113	1027	125
b	536	20	601	145
(	254	22	286	157
)	610	28	661	173
+	694	42	780	131
)	1623	42	1666	205
(	1305	45	1355	166
b	1390	47	1449	147
+	440	56	499	111
a	342	56	415	135
+	1186	64	1256	145
0	813	64	872	153
a	1079	78	1150	153
+	1465	82	1530	152
c	1558	83	1610	155
frac	940	85	1015	97
SKMBT_36317040717291_eq8.png	12
4	480	120	549	136
b	208	20	268	156
b	762	21	821	166
(	692	37	757	165
)	900	39	960	176
)	289	45	325	168
(	72	46	132	192
c	355	51	414	157
a	603	58	672	147
c	838	69	898	156
0	125	73	194	172
frac	483	91	536	102
SKMBT_36317040717340_eq18.png	7
0	860	106	917	203
x	422	117	473	189
+	504	123	551	185
-	756	141	800	153
4	752	151	837	177
8	598	20	697	228
a	295	89	390	202
SKMBT_36317040717320_eq17.png	13
frac	454	149	615	165
frac	773	170	854	184
frac	926	177	1127	193
b	509	188	562	282
n	1059	198	1095	241
b	997	204	1050	307
frac	772	215	850	228
n	1059	21	1090	68
n	674	44	723	96
a	496	48	571	116
)	592	62	670	309
a	985	66	1063	149
(	390	76	444	304
SKMBT_36317040717363_eq32.png	9
frac	241	105	389	126
frac	591	124	684	138
=	460	124	543	167
3	296	143	367	233
2	600	160	708	220
c	326	20	387	89
1	666	26	680	115
1	294	28	314	87
4	15	68	227	166
SKMBT_36317040717360_eq31.png	12
9	282	151	313	167
-	675	160	714	175
6	259	165	376	239
5	387	169	426	232
frac	783	176	975	195
frac	485	178	626	193
-	687	178	737	196
sqrt	796	21	975	142
6	512	223	558	308
2	840	228	908	313
7	495	67	601	159
3	871	71	925	139
SKMBT_36317040717351_eq32.png	10
-	615	102	657	112
frac	359	104	519	127
-	609	120	655	130
3	402	133	474	225
2	779	135	871	213
2	731	21	865	112
3	368	30	439	95
0	102	77	169	153
3	256	80	323	142
0	179	96	226	149
SKMBT_36317040717360_eq23.png	23
1	1668	114	1688	175
1	549	118	562	177
2	895	125	947	190
1	654	126	666	189
x	145	135	225	222
2	1026	141	1078	202
8	1315	145	1325	160
0	1224	147	1239	160
0	1266	147	1282	162
-	299	151	362	165
-	319	176	361	187
frac	461	209	540	221
8	1615	21	1688	141
8	579	22	672	149
8	968	45	1034	167
x	1485	63	1550	130
+	744	63	800	135
x	461	64	528	139
+	1378	71	1444	140
x	834	73	900	146
+	1131	85	1181	147
frac	168	96	256	112
8	1544	96	1599	174
SKMBT_36317040717260_eq17.png	13
frac	504	100	594	109
-	409	108	442	117
6	209	118	246	161
n	564	122	596	142
b	516	130	556	180
n	290	21	318	45
n	571	25	598	46
)	253	35	294	181
(	168	38	195	168
a	521	50	570	82
a	199	54	249	88
-	412	95	446	104
frac	191	97	254	106
SKMBT_36317040717320_eq35.png	14
n	569	129	615	171
4	765	132	798	142
a	505	133	565	182
frac	884	139	1141	163
-	761	144	799	156
8	1011	173	1113	253
a	921	183	1003	242
9	994	22	1006	36
A	1055	27	1113	124
5	915	60	968	112
n	1006	65	1048	106
1	988	67	1002	100
A	640	81	711	193
7	412	97	504	185
SKMBT_36317040717291_eq34.png	13
frac	1103	115	1169	126
frac	1105	150	1180	163
1	458	20	515	198
A	956	34	1068	212
2	886	44	941	120
1	1284	46	1306	209
2	325	49	377	122
8	392	64	477	218
5	150	66	226	171
+	534	74	620	180
2	222	75	321	170
7	691	93	830	194
3	818	94	877	194
SKMBT_36317040717291_eq33.png	13
n	328	113	385	196
a	238	122	316	207
frac	656	125	721	145
frac	434	145	602	170
frac	803	157	959	172
6	453	179	535	307
frac	652	183	727	194
3	806	204	909	296
sqrt	794	20	952	144
sqrt	479	30	574	139
3	845	58	914	142
c	528	67	583	138
8	152	85	251	230
SKMBT_36317040717360_eq27.png	12
3	238	134	306	292
-	344	148	391	160
frac	489	160	950	174
-	355	167	387	179
4	551	203	633	297
6	807	21	860	135
a	645	254	712	318
2	884	26	957	76
4	469	35	546	134
a	557	76	623	136
c	640	77	688	137
-	715	79	782	95
SKMBT_36317040717351_eq12.png	17
b	1135	20	1192	131
b	421	22	464	104
)	475	28	507	128
(	234	29	271	114
)	714	29	753	144
4	1199	29	1295	77
2	1009	33	1049	79
b	654	38	712	123
(	506	39	537	138
a	265	53	314	108
4	781	59	877	84
a	934	70	1008	122
4	352	71	401	104
a	528	77	592	126
-	1059	81	1128	102
-	592	88	633	98
frac	787	99	861	110
SKMBT_36317040717291_eq16.png	25
9	410	128	429	151
frac	389	155	461	167
-	712	156	755	169
frac	191	156	315	172
x	1027	156	1086	222
frac	548	170	636	185
-	1327	178	1377	193
frac	834	182	942	199
4	536	183	628	303
frac	1139	198	1270	211
9	418	198	435	211
-	702	203	749	213
b	237	204	304	310
4	1170	20	1266	169
frac	1429	213	1647	229
-	1331	214	1379	229
b	862	220	932	313
c	1155	238	1237	328
b	1459	244	1530	348
c	1529	260	1634	354
8	1535	27	1626	175
0	558	41	633	139
a	232	46	298	132
a	862	59	935	154
a	1450	88	1522	171
SKMBT_36317040717363_eq9.png	14
(	120	20	160	126
b	179	22	227	132
+	237	23	296	131
b	646	23	702	132
a	36	30	107	133
)	343	34	387	168
+	714	37	786	110
a	311	45	373	125
a	808	47	883	121
a	561	48	627	119
1	64	49	71	69
c	889	63	969	132
frac	464	63	533	76
-	472	94	526	107
SKMBT_36317040717341_eq22.png	20
+	1089	112	1160	177
x	935	112	1014	181
x	1542	112	1613	186
x	722	113	779	181
+	1437	116	1503	176
-	326	124	369	138
frac	442	128	600	144
6	851	128	893	181
8	1239	132	1256	153
8	1364	132	1391	158
x	178	133	253	219
8	1291	134	1316	159
8	796	153	808	188
2	1009	153	1057	205
-	336	157	377	172
n	1624	166	1686	215
n	473	170	534	230
1	474	20	505	104
(	653	39	725	237
-	166	86	256	109
SKMBT_36317040717363_eq35.png	13
6	228	100	367	256
1	431	126	505	288
1	480	136	505	278
7	592	188	640	212
8	372	205	409	267
1	924	21	999	176
a	790	230	891	297
-	575	233	653	249
c	744	233	781	306
2	770	250	786	261
b	711	40	799	181
4	695	45	1006	329
4	804	94	824	109
SKMBT_36317040717320_eq23.png	24
x	246	118	329	200
-	365	121	413	131
-	368	144	409	155
frac	461	144	1599	175
n	867	203	928	266
8	570	20	635	139
8	896	24	972	143
8	1453	30	1523	156
8	480	34	557	99
x	814	39	877	109
x	1357	40	1417	117
4	1257	46	1317	107
4	714	50	763	99
8	1039	52	1095	101
6	1414	72	1450	122
1	642	73	656	110
frac	224	74	311	85
6	1194	74	1211	86
2	870	76	907	105
4	1125	77	1143	87
8	550	78	564	103
4	1161	79	1177	89
k	1509	82	1554	135
2	961	83	1002	112
SKMBT_36317040717260_eq33.png	14
4	611	109	631	117
a	344	113	391	148
frac	467	115	551	126
n	396	117	429	142
2	613	120	627	129
frac	675	120	814	130
a	490	139	529	181
3	717	145	772	199
sqrt	687	21	807	104
3	747	50	789	95
-	478	67	527	82
+	295	81	341	138
8	495	87	502	104
1	510	89	515	107
SKMBT_36317040717260_eq14.png	9
1	490	21	498	51
8	268	33	296	71
4	235	44	259	51
frac	461	57	527	68
a	168	73	227	107
8	504	75	530	104
-	374	76	402	86
-	369	91	396	99
a	469	96	513	125
SKMBT_36317040717360_eq21.png	17
8	1063	105	1107	147
-	914	110	961	125
frac	607	126	678	137
4	160	127	250	226
3	1102	133	1113	149
-	318	134	370	147
-	333	160	387	170
frac	447	182	1183	200
-	710	220	773	245
7	705	22	1177	165
b	515	24	570	135
2	609	40	669	100
2	845	52	904	105
8	990	60	1052	151
b	801	61	843	160
-	424	91	488	103
c	1130	92	1173	157
SKMBT_36317040717363_eq16.png	24
frac	62	124	228	153
x	963	125	1034	230
2	1255	137	1313	194
frac	300	141	397	159
bar	675	151	737	174
frac	1384	156	1602	176
2	463	162	603	284
frac	1051	168	1191	192
b	105	171	173	265
frac	778	176	925	197
b	834	199	896	284
frac	679	202	743	212
4	337	202	356	216
0	1107	203	1176	283
b	1421	207	1476	284
sqrt	1503	213	1547	284
c	99	21	155	99
2	1539	264	1574	284
a	1467	28	1580	142
4	1072	40	1167	161
c	487	46	548	139
a	805	56	873	144
a	1363	78	1452	155
4	337	96	351	106
SKMBT_36317040717340_eq20.png	8
frac	442	111	507	121
frac	776	124	840	136
6	552	20	669	198
2	715	47	761	81
4	870	63	960	192
2	264	69	370	168
-	453	87	487	97
4	993	94	1194	164
SKMBT_36317040717351_eq26.png	16
frac	648	102	703	111
2	1412	102	1463	156
frac	215	103	264	111
3	864	120	901	178
-	223	124	260	133
)	1489	21	1544	158
)	940	25	973	148
(	1009	26	1055	140
c	443	32	534	164
x	1317	41	1407	138
7	1091	47	1172	140
4	762	60	837	143
-	1210	76	1249	85
x	542	78	613	158
4	55	79	129	197
a	318	83	379	143
SKMBT_36317040717351_eq7.png	16
c	1115	101	1176	164
8	1048	102	1088	163
+	854	107	891	163
-	664	133	725	145
)	408	20	447	180
b	331	37	387	167
)	1178	38	1210	241
(	946	44	986	181
(	163	48	199	175
b	983	52	1037	167
c	560	85	617	159
a	202	86	255	159
+	480	94	519	147
4	276	94	331	153
-	671	98	717	112
a	754	98	833	171
SKMBT_36317040717363_eq33.png	9
frac	591	120	665	140
frac	603	167	681	182
3	752	186	823	262
sqrt	739	20	866	148
7	424	23	503	54
8	126	37	269	235
1	447	52	474	117
4	254	64	542	235
2	705	82	853	167
SKMBT_36317040717340_eq8.png	11
b	1138	20	1193	145
4	494	23	625	124
(	427	24	472	149
)	643	52	675	147
(	1065	55	1095	135
a	963	59	1026	121
)	1261	60	1306	194
c	722	67	781	123
-	837	72	880	82
a	1212	84	1266	132
-	842	89	895	100
SKMBT_36317040717341_eq16.png	20
8	599	112	614	128
x	1234	120	1293	175
-	918	126	976	138
frac	738	130	865	147
frac	308	134	466	151
-	1067	138	1178	159
-	564	140	653	156
frac	1325	158	1442	181
-	1507	159	1576	173
-	928	159	978	175
3	774	166	837	254
b	352	166	437	259
b	1088	172	1147	249
8	599	187	614	203
-	1515	190	1576	208
c	1354	203	1428	259
a	337	20	427	113
3	1344	27	1404	153
c	759	52	851	117
0	1077	60	1150	126
SKMBT_36317040717310_eq5.png	4
frac	814	127	1034	154
7	878	191	951	288
1	915	19	938	118
4	871	286	951	312
SKMBT_36317040717291_eq15.png	13
x	434	118	497	186
frac	898	120	1105	141
7	748	127	791	145
frac	255	138	385	152
b	908	148	974	266
4	985	150	1069	276
x	574	154	675	253
-	736	161	790	177
b	304	172	363	247
0	1014	20	1078	96
2	926	25	996	107
a	295	27	372	119
0	594	36	675	125
SKMBT_36317040717320_eq21.png	15
4	282	118	368	197
4	411	141	464	158
frac	504	161	1274	180
-	412	167	463	178
2	764	203	821	272
7	799	20	1263	151
a	837	216	913	276
b	623	35	676	122
2	963	40	1000	74
b	894	43	945	135
8	711	46	783	111
4	1069	53	1130	138
4	1132	72	1234	123
-	538	85	597	102
-	995	99	1044	110
SKMBT_36317040717351_eq16.png	25
frac	159	109	263	125
frac	302	116	381	127
-	558	126	597	135
frac	418	135	496	149
b	177	136	223	229
8	346	140	355	153
2	739	144	780	181
-	924	149	959	158
4	562	154	587	163
d	418	154	476	249
frac	634	156	707	166
frac	804	165	872	178
frac	996	166	1084	179
-	920	178	960	189
b	644	178	699	267
b	991	199	1043	281
c	809	218	861	259
a	177	21	237	89
c	1045	231	1098	281
2	817	32	877	152
d	1043	36	1100	151
c	428	38	494	107
a	654	64	714	129
a	989	82	1045	153
8	343	87	359	101
SKMBT_36317040717320_eq6.png	11
frac	776	127	848	137
frac	574	138	699	150
frac	907	155	1111	172
frac	763	159	849	171
b	620	165	673	250
sqrt	920	186	1090	291
b	1006	206	1060	295
sqrt	507	20	705	267
sqrt	928	28	1090	150
a	615	56	672	113
a	1001	80	1066	137
SKMBT_36317040717291_eq25.png	13
frac	295	115	383	131
frac	299	155	387	170
3	1036	20	1096	88
6	880	27	945	175
)	959	38	1017	204
(	576	40	658	210
1	1281	47	1293	220
x	174	58	291	230
a	438	63	531	182
4	1083	70	1177	174
x	646	71	745	183
5	1295	83	1357	150
4	768	88	864	120
SKMBT_36317040717341_eq26.png	16
2	1571	112	1621	170
1	1115	125	1128	176
-	562	132	626	149
)	1607	20	1682	196
)	1140	35	1194	179
(	1237	37	1283	164
(	809	37	850	172
x	1488	68	1571	134
y	414	68	492	224
x	846	76	915	152
x	1036	82	1102	150
a	694	82	779	160
8	1291	88	1362	149
frac	555	94	631	107
-	1397	98	1463	114
-	934	99	1005	117
SKMBT_36317040717363_eq6.png	10
4	319	118	363	136
frac	96	129	230	149
4	319	143	373	171
frac	413	157	609	174
b	144	160	204	253
5	449	183	587	285
sqrt	444	20	589	122
sqrt	46	33	232	223
a	492	57	558	132
a	132	60	189	118
SKMBT_36317040717291_eq31.png	12
n	161	102	230	191
0	222	122	285	191
-	604	150	651	162
frac	412	152	522	167
frac	755	154	938	172
8	454	172	486	191
sqrt	783	20	934	142
3	837	58	902	134
frac	439	61	527	78
8	450	73	487	137
c	480	85	526	139
5	305	95	361	191
SKMBT_36317040717363_eq27.png	8
4	246	123	311	153
8	408	19	459	134
b	652	21	697	134
2	690	37	727	81
0	462	47	508	118
0	531	60	569	114
-	603	79	643	88
0	170	88	221	153
SKMBT_36317040717363_eq13.png	13
4	647	103	701	118
4	333	139	350	149
8	234	21	291	84
7	985	23	1091	100
4	876	24	966	101
3	156	35	173	74
n	520	36	571	92
6	347	44	355	55
a	127	45	204	127
a	750	52	838	147
a	419	59	498	151
frac	654	77	707	87
frac	262	92	400	107
SKMBT_36317040717260_eq29.png	14
n	185	101	222	140
-	440	104	461	110
4	439	112	456	119
frac	501	112	642	123
8	162	114	172	138
4	290	125	328	174
2	542	139	604	184
sqrt	509	22	638	93
-	272	41	330	57
2	570	45	616	88
6	287	64	298	87
8	312	65	319	85
5	105	98	151	142
frac	263	99	351	109
SKMBT_36317040717340_eq9.png	11
b	554	20	599	144
a	377	25	459	105
4	983	33	1116	131
(	485	40	513	128
)	764	40	804	151
4	1232	57	1409	121
c	684	58	747	124
8	1153	62	1206	114
+	610	74	655	120
-	858	75	897	86
-	856	87	911	101
SKMBT_36317040717351_eq21.png	17
frac	1221	118	1268	126
frac	587	119	650	132
frac	812	142	896	154
x	210	148	313	249
frac	386	168	440	180
frac	373	195	430	207
7	1007	20	1513	187
frac	570	216	1563	261
2	867	249	959	353
a	962	279	1072	336
4	1285	51	1364	167
b	669	54	755	160
2	1152	54	1205	99
b	1079	66	1145	171
1	801	68	875	146
c	1455	88	1507	155
0	1368	96	1429	156
SKMBT_36317040717363_eq20.png	9
a	769	112	851	188
frac	345	127	422	137
frac	590	134	663	146
c	873	135	956	202
8	184	20	273	166
2	542	35	585	94
b	464	41	515	174
4	688	73	750	182
frac	334	91	411	107
SKMBT_36317040717363_eq8.png	11
-	399	122	456	137
1	99	20	130	131
4	126	32	241	135
2	232	50	288	144
1	578	50	615	164
b	628	50	679	167
0	300	62	346	149
)	732	64	800	227
a	479	76	560	153
0	697	84	757	161
-	401	90	449	101
SKMBT_36317040717260_eq6.png	11
sqrt	683	116	778	166
6	739	135	769	172
sqrt	434	21	533	150
sqrt	683	26	775	79
a	489	43	523	66
a	735	47	779	74
-	479	76	535	86
4	600	83	625	92
frac	678	88	788	99
-	596	96	618	104
b	495	98	523	136
SKMBT_36317040717260_eq35.png	16
-	408	104	435	114
a	171	108	219	138
n	220	108	256	139
4	632	123	676	178
0	517	137	547	172
5	584	138	612	173
0	551	141	585	173
A	642	21	683	82
0	569	49	580	58
0	522	49	566	89
n	588	51	628	83
2	292	62	338	137
8	574	63	582	81
+	132	80	180	139
-	407	90	434	99
frac	502	93	700	107
SKMBT_36317040717320_eq26.png	16
)	1269	20	1319	167
1	928	27	954	135
)	872	28	917	147
x	588	30	673	121
x	1166	30	1248	123
(	532	33	559	120
x	774	33	851	120
x	208	34	285	153
x	997	35	1071	132
4	324	55	373	68
a	440	59	505	121
-	1091	68	1134	80
-	692	71	739	85
2	1242	84	1272	111
1	848	90	861	123
-	316	92	369	107
SKMBT_36317040717360_eq11.png	11
-	651	113	688	122
b	880	21	935	148
n	810	23	863	76
n	544	27	593	90
n	949	29	1001	76
(	262	33	314	172
b	412	36	468	148
)	482	38	533	171
a	724	73	811	148
-	642	86	692	97
a	322	91	391	153
SKMBT_36317040717340_eq11.png	10
-	828	112	880	129
4	833	126	895	144
1	1109	20	1184	191
n	1213	31	1250	68
a	718	38	779	88
(	404	51	473	225
4	1056	56	1092	97
4	451	70	598	174
)	623	70	676	218
a	946	82	1022	164
SKMBT_36317040717363_eq22.png	19
x	1313	105	1402	226
frac	375	128	527	141
x	105	131	189	251
)	1493	136	1540	286
-	272	143	331	161
2	1177	146	1197	159
1	713	164	737	228
2	916	166	961	218
4	274	174	344	190
n	422	179	496	267
7	1429	183	1476	266
1	450	20	462	84
1	1001	67	1060	211
4	786	75	867	192
frac	104	84	227	99
(	568	89	614	208
4	1241	97	1320	194
x	630	99	713	212
8	859	99	925	226
SKMBT_36317040717260_eq32.png	11
3	283	102	334	156
1	595	23	604	56
-	280	24	349	38
8	294	41	305	62
8	321	44	330	65
c	80	58	123	106
5	177	60	215	104
0	130	63	169	102
frac	561	72	635	83
frac	268	78	365	87
2	563	94	627	147
SKMBT_36317040717320_eq31.png	12
5	494	129	537	201
frac	550	139	677	154
0	372	139	423	196
0	434	143	483	203
-	738	146	773	156
frac	808	146	989	163
6	601	153	635	235
-	729	165	761	176
2	874	188	925	243
sqrt	821	20	959	136
3	893	50	931	122
x	569	64	651	128
SKMBT_36317040717351_eq22.png	13
+	1454	102	1511	166
a	760	106	841	189
+	928	108	1006	175
2	1107	138	1173	194
n	532	148	604	214
1	872	155	882	215
2	496	20	638	117
frac	134	35	258	59
(	680	54	741	203
a	1553	68	1636	157
7	146	76	232	189
x	1037	86	1111	181
+	1174	98	1244	163
SKMBT_36317040717362_eq25.png	12
-	842	104	899	116
-	560	120	593	129
2	1031	20	1062	58
k	1169	38	1231	159
8	907	52	943	148
)	987	58	1011	163
7	469	64	517	202
+	1085	68	1168	143
(	723	70	753	144
x	770	84	825	146
a	639	86	697	159
4	562	96	593	105
SKMBT_36317040717362_eq9.png	13
8	1141	20	1184	131
b	620	35	659	149
(	564	39	596	139
8	1267	56	1310	150
a	1070	57	1138	129
bar	984	57	1025	71
)	857	58	883	150
+	684	66	733	147
a	477	67	533	133
c	1389	72	1446	129
a	1315	75	1385	134
c	762	77	807	141
4	987	86	1029	99
SKMBT_36317040717351_eq31.png	12
5	202	122	333	196
0	118	124	173	203
4	570	142	609	151
frac	391	146	523	164
frac	722	165	920	182
-	564	166	605	176
6	421	179	491	263
2	768	200	878	285
sqrt	722	21	897	151
3	796	58	870	155
3	392	81	430	141
1	442	83	451	146
SKMBT_36317040717340_eq27.png	11
4	522	106	670	170
7	88	115	168	321
-	708	119	762	132
-	213	160	253	173
frac	383	168	1100	205
4	210	180	275	197
4	616	205	717	307
6	812	20	907	179
a	752	234	839	299
2	942	58	994	95
4	407	82	488	187
SKMBT_36317040717260_eq11.png	11
n	356	21	392	47
n	678	26	707	51
)	314	27	350	100
(	187	29	214	101
n	566	36	595	60
b	283	44	315	91
b	627	44	663	97
a	231	56	279	88
-	439	57	469	65
a	519	57	567	90
-	441	73	467	81
SKMBT_36317040717360_eq24.png	8
2	931	118	987	175
2	631	119	692	180
x	533	154	607	239
+	733	158	795	215
7	865	166	923	283
1	417	170	450	243
8	856	255	869	283
frac	449	74	1147	263
SKMBT_36317040717291_eq17.png	12
5	316	159	454	288
frac	812	161	998	177
-	648	165	710	176
n	925	179	972	235
b	843	195	907	298
n	918	20	971	80
-	649	212	706	225
8	542	37	592	120
0	352	42	421	148
a	822	50	892	140
)	461	63	515	301
(	245	75	299	281
SKMBT_36317040717291_eq35.png	13
n	350	121	391	186
7	718	159	1108	301
frac	542	162	612	174
-	553	190	607	201
a	708	192	843	283
5	842	195	892	284
A	973	20	1067	159
8	806	51	852	153
6	148	65	342	199
5	714	68	796	163
1	478	68	527	251
n	864	72	918	141
1	430	92	485	251
SKMBT_36317040717310_eq4.png	10
frac	841	121	1061	143
-	787	135	822	142
4	823	135	837	143
7	877	157	928	253
2	886	158	896	177
4	854	21	896	42
8	926	26	936	37
1	887	26	917	88
3	910	32	924	46
4	919	89	932	96
SKMBT_36317040717260_eq30.png	7
0	232	21	288	104
1	424	30	481	95
0	72	52	108	105
4	349	55	378	66
0	118	60	158	102
5	171	60	203	103
4	350	71	372	80
SKMBT_36317040717260_eq10.png	9
n	361	21	387	45
)	323	23	350	97
m	278	27	317	49
n	640	30	674	61
m	592	32	630	55
(	192	36	214	96
a	224	53	278	86
a	532	61	587	97
=	456	64	487	82
SKMBT_36317040717340_eq32.png	9
frac	700	121	879	150
frac	577	129	629	138
frac	331	141	494	159
-	576	146	639	166
3	381	177	447	256
2	736	177	871	256
1	756	20	766	108
x	316	35	435	128
m	111	87	273	203
SKMBT_36317040717320_eq12.png	17
-	1405	106	1464	118
frac	1144	112	1222	124
)	642	20	697	162
2	1359	20	1400	66
(	338	23	373	145
b	584	28	643	122
2	1563	30	1608	70
(	718	33	767	160
)	1035	43	1093	181
+	493	44	553	101
a	417	44	482	111
b	993	44	1041	138
b	1492	50	1550	164
a	815	66	885	129
a	1280	77	1356	149
frac	1147	83	1223	95
-	900	87	955	100
SKMBT_36317040717291_eq27.png	10
-	340	128	409	149
frac	340	169	427	197
frac	520	188	1173	218
b	1009	20	1074	151
4	725	218	889	335
2	1088	29	1149	88
m	580	42	733	168
c	748	50	815	139
frac	860	82	939	99
x	205	86	317	257
SKMBT_36317040717351_eq24.png	7
x	424	109	517	215
0	652	113	774	301
+	623	117	692	184
3	282	156	350	284
frac	339	21	925	164
2	778	56	890	133
2	530	82	590	145
SKMBT_36317040717291_eq10.png	10
-	584	103	624	117
-	573	153	621	163
)	363	21	429	189
9	458	37	496	106
m	284	43	355	102
(	109	45	162	201
a	919	48	1000	128
a	172	63	269	190
m	830	69	900	129
8	722	75	802	204
SKMBT_36317040717360_eq9.png	13
-	666	102	717	117
b	850	21	904	148
(	315	21	363	174
)	581	31	633	162
b	365	32	425	155
c	1092	61	1158	140
+	939	63	993	117
c	508	63	582	140
+	445	69	496	124
a	1009	70	1080	133
a	230	74	297	142
a	751	76	833	143
-	662	77	705	90
SKMBT_36317040717341_eq17.png	13
-	666	138	729	152
frac	812	150	1026	169
frac	335	160	454	178
-	672	168	727	183
n	954	180	1005	213
b	870	181	951	269
b	372	185	437	241
n	489	20	536	66
n	928	24	972	59
(	273	41	347	267
)	437	48	514	266
a	861	60	933	134
2	347	78	411	139
SKMBT_36317040717363_eq15.png	13
7	753	122	980	250
2	401	128	531	257
frac	607	129	673	149
8	135	132	209	239
4	619	150	660	173
b	791	172	855	263
a	123	20	189	84
-	269	235	291	239
a	755	36	837	116
c	424	38	483	116
0	868	44	908	101
x	265	86	371	206
frac	55	97	254	125
SKMBT_36317040717310_eq6.png	22
9	732	146	758	158
frac	508	151	641	172
frac	925	153	1056	166
4	830	157	858	165
4	860	157	877	165
frac	879	157	923	165
div	880	177	998	216
4	723	178	754	188
8	557	188	603	278
8	932	211	944	236
8	874	215	889	241
frac	885	21	993	46
5	927	237	970	296
0	840	240	884	296
8	592	246	602	261
8	443	260	455	279
4	860	38	887	60
sqrt	455	44	619	298
2	919	54	969	111
8	844	63	880	131
8	920	63	933	79
a	543	85	597	134
SKMBT_36317040717260_eq34.png	14
1	950	23	960	93
2	693	27	723	61
2	753	28	806	96
A	332	39	390	109
2	284	42	311	76
-	871	51	899	59
3	648	58	674	92
+	473	58	510	93
0	566	60	604	100
0	613	60	645	93
4	874	63	896	71
5	154	77	200	115
n	227	83	263	111
1	209	91	216	113
SKMBT_36317040717280_eq6.png	11
-	672	127	708	136
frac	772	132	984	145
-	672	150	699	158
frac	493	154	609	164
sqrt	768	158	949	263
b	539	172	587	256
b	855	179	903	263
sqrt	786	20	934	129
sqrt	425	27	612	258
0	846	55	901	119
a	526	70	575	124
SKMBT_36317040717320_eq24.png	6
7	474	20	1057	197
2	905	52	954	91
2	720	59	762	85
x	616	88	698	178
y	806	91	891	217
+	741	97	790	161
SKMBT_36317040717351_eq13.png	13
6	480	108	491	121
-	731	112	766	121
m	346	21	419	79
n	642	29	678	90
m	884	33	960	97
n	1003	38	1042	93
a	552	43	630	137
a	256	44	333	141
8	486	48	498	59
a	802	58	867	166
-	965	69	1004	78
frac	447	84	513	93
-	720	94	770	103
SKMBT_36317040717341_eq35.png	15
4	609	127	676	143
0	310	137	369	228
n	368	143	433	220
frac	752	151	1122	178
4	606	165	669	184
6	765	193	901	300
8	995	198	1048	303
A	993	20	1053	135
3	895	219	955	296
9	874	36	898	57
8	228	39	321	225
5	782	55	860	120
A	484	56	562	207
n	900	71	949	133
1	876	72	893	127
SKMBT_36317040717291_eq26.png	17
frac	1314	106	1374	117
2	1504	112	1566	184
1	971	114	987	188
-	310	138	366	148
1	171	20	281	201
)	1030	32	1076	185
x	183	37	221	97
sqrt	875	39	970	163
)	1563	39	1638	222
c	590	41	674	183
x	1418	43	1524	171
x	671	44	761	159
x	1180	51	1294	177
(	1126	52	1188	187
0	442	66	533	176
frac	313	90	373	103
-	788	91	845	102
SKMBT_36317040717360_eq20.png	9
a	798	101	855	160
-	621	113	674	128
-	392	121	442	134
2	541	21	596	84
6	471	37	532	170
6	711	47	798	152
0	238	58	335	179
c	883	93	938	164
-	377	99	435	110
SKMBT_36317040717363_eq23.png	22
frac	30	106	165	128
8	492	113	507	150
-	1247	131	1271	139
4	1276	131	1298	141
0	1305	131	1320	142
2	1039	139	1083	184
2	882	140	927	185
x	50	142	140	262
1	615	144	627	175
2	1451	163	1508	236
4	1601	165	1662	242
frac	242	175	301	187
8	525	20	625	193
frac	244	215	328	229
frac	401	241	571	262
8	396	27	488	142
+	954	48	1051	222
+	685	56	776	176
+	1137	70	1194	163
x	780	77	860	186
+	1507	77	1612	234
x	1361	95	1438	203
SKMBT_36317040717360_eq25.png	12
-	403	103	437	113
b	761	21	812	146
(	551	21	600	174
2	882	26	942	87
)	826	27	879	171
b	1066	33	1133	162
+	979	67	1038	133
a	455	70	532	146
3	286	71	351	217
-	385	81	431	92
x	610	84	676	150
-	692	98	750	115
SKMBT_36317040717351_eq17.png	13
-	541	123	583	130
frac	168	135	319	163
frac	673	140	903	163
b	244	161	296	230
n	824	165	876	215
b	730	183	803	273
n	409	20	460	79
n	816	23	865	69
a	717	41	802	115
)	308	49	376	254
(	67	51	137	254
0	205	78	254	125
-	540	98	576	106
SKMBT_36317040717362_eq34.png	14
n	432	104	477	148
1	408	113	421	155
1	1237	20	1256	170
2	949	29	986	56
2	481	44	517	78
A	979	49	1060	185
A	525	54	583	165
-	1136	61	1179	70
4	692	69	739	145
9	416	80	427	93
a	828	82	907	147
5	912	84	950	149
5	359	84	398	155
frac	1139	92	1183	101
SKMBT_36317040717362_eq8.png	12
b	599	20	635	124
(	500	22	536	138
8	1108	34	1149	141
)	676	36	709	152
(	1047	40	1094	140
)	1253	41	1296	166
c	736	55	787	111
a	534	62	581	112
-	877	67	911	81
c	1171	70	1218	126
a	969	71	1023	127
4	871	92	905	105
SKMBT_36317040717260_eq23.png	19
8	405	109	413	129
4	56	113	92	133
-	168	124	194	131
5	1107	22	1147	108
8	358	44	398	133
9	643	45	682	119
x	999	55	1033	95
+	923	64	959	88
x	546	66	574	95
+	734	67	776	93
2	1147	68	1179	109
+	455	72	488	97
2	1050	73	1089	113
8	876	74	884	85
x	265	76	298	108
2	583	83	620	114
-	54	89	94	97
2	676	95	702	123
1	320	97	328	121
SKMBT_36317040717310_eq3.png	3
8	775	21	803	84
sqrt	793	24	1003	168
x	892	61	986	154
SKMBT_36317040717260_eq3.png	3
5	617	21	743	95
3	635	22	660	52
x	699	54	735	85
SKMBT_36317040717290_eq26.png	16
y	274	20	316	166
3	818	27	873	110
1	683	30	701	111
)	906	30	929	117
1	442	31	457	110
x	705	33	756	100
3	456	34	509	111
a	394	39	430	105
)	637	39	659	117
-	336	39	377	50
7	566	40	612	111
-	768	52	814	63
2	876	59	909	96
-	338	64	377	75
-	521	73	566	85
1	620	77	635	125
SKMBT_36317040717291_eq30.png	6
4	615	131	703	155
1	787	20	815	180
0	457	43	557	199
2	202	48	349	186
5	366	63	424	183
frac	635	95	685	106
SKMBT_36317040717341_eq34.png	14
-	1142	103	1211	118
1	1241	20	1266	146
2	410	21	463	78
2	933	23	981	92
A	1008	25	1074	148
8	497	33	549	152
9	325	51	347	73
5	217	62	306	162
4	609	70	656	137
c	714	72	792	152
-	1145	73	1221	96
1	328	78	341	148
6	798	78	908	152
n	348	85	406	145
SKMBT_36317040717320_eq32.png	12
5	451	101	508	182
c	338	106	409	171
0	408	110	455	167
frac	520	119	656	131
-	715	125	755	137
2	851	129	909	196
-	707	151	764	165
3	575	152	623	225
1	864	20	877	91
5	544	38	629	106
c	596	57	629	101
frac	816	94	937	108
SKMBT_36317040717360_eq16.png	25
4	489	131	506	142
frac	191	145	382	166
x	1016	145	1075	209
-	746	159	790	171
frac	839	159	987	176
frac	614	168	728	181
frac	429	172	547	191
-	1261	173	1308	183
-	761	179	804	189
frac	1337	179	1525	197
frac	1094	187	1213	203
-	1269	197	1312	208
b	234	199	288	311
b	875	200	933	311
d	614	203	674	305
8	471	210	494	239
1	1453	21	1523	144
8	1353	226	1415	352
c	1089	241	1159	321
c	1428	284	1486	356
2	1115	42	1185	165
c	633	53	706	133
a	239	54	309	130
a	859	76	926	155
a	1356	85	1431	150
SKMBT_36317040717363_eq26.png	12
+	193	108	275	140
)	668	109	713	215
frac	544	136	630	146
4	205	142	275	167
c	864	148	939	217
7	75	20	164	212
2	745	59	780	131
8	631	61	680	201
1	850	63	873	267
7	420	89	519	211
a	325	96	400	195
+	755	97	849	232
SKMBT_36317040717360_eq32.png	14
8	282	111	311	132
1	265	128	284	188
frac	814	130	966	153
5	385	137	436	210
2	273	150	370	207
-	715	151	758	162
frac	493	151	656	174
4	723	173	759	186
2	847	187	910	276
3	545	193	596	284
1	877	21	895	118
2	541	43	556	53
8	503	45	537	70
7	542	46	625	139
SKMBT_36317040717290_eq34.png	14
-	624	117	697	131
1	208	20	220	54
A	292	30	344	131
2	533	36	565	75
1	707	42	727	184
8	564	43	619	150
8	228	45	284	141
+	372	51	430	115
8	444	62	471	115
5	157	63	199	129
8	475	70	500	119
5	499	71	534	138
1	208	76	220	123
-	632	85	681	98
SKMBT_36317040717340_eq33.png	12
frac	507	142	727	174
-	766	149	825	160
frac	897	169	1132	186
frac	771	170	833	180
6	570	177	627	280
3	978	209	1046	294
2	910	20	967	152
frac	962	25	1064	37
7	528	47	645	118
6	170	57	455	244
8	621	64	648	122
3	994	67	1066	142
SKMBT_36317040717362_eq30.png	6
1	1160	20	1176	138
8	724	31	805	132
5	642	49	683	139
-	1055	54	1100	69
7	564	63	643	130
-	1063	80	1111	91
SKMBT_36317040717260_eq9.png	13
(	190	22	221	92
)	371	22	410	92
b	586	29	620	79
0	339	40	366	71
c	799	43	836	76
+	286	44	314	71
b	230	44	258	79
-	461	49	489	58
+	678	49	711	78
a	536	51	579	79
a	749	52	792	77
a	131	53	172	84
4	457	60	483	69
SKMBT_36317040717360_eq15.png	14
-	755	107	796	118
frac	241	111	422	132
frac	571	123	720	134
frac	836	129	1083	145
-	760	135	797	145
d	587	146	647	256
b	869	147	916	262
b	285	151	340	245
d	927	157	991	266
c	943	21	999	95
a	287	24	342	93
c	597	24	670	94
a	855	35	923	94
x	451	85	516	154
SKMBT_36317040717290_eq23.png	21
-	388	101	441	115
1	648	101	659	140
1	594	103	607	146
k	1170	104	1217	164
2	830	109	865	143
x	388	125	443	196
-	462	127	493	139
-	458	144	499	156
n	745	183	787	257
8	1143	20	1189	164
8	605	31	655	135
4	531	32	1197	186
2	723	50	811	133
1	672	51	712	133
7	1013	57	1056	140
x	1068	57	1153	147
9	872	58	921	136
7	545	66	592	132
6	930	69	943	80
6	951	71	967	82
4	984	79	1000	88
SKMBT_36317040717360_eq34.png	14
A	443	21	526	132
1	1180	22	1203	150
A	937	24	1029	150
2	367	32	440	84
2	830	32	890	87
4	260	53	275	61
+	573	55	625	109
6	656	66	770	138
5	180	67	240	152
-	1063	73	1120	88
5	779	76	828	142
-	1082	97	1140	108
n	288	97	346	140
(	258	97	278	153
SKMBT_36317040717360_eq33.png	12
a	234	147	292	205
n	304	148	351	203
frac	393	155	552	168
-	603	156	654	165
frac	715	157	956	181
-	610	179	658	192
6	435	194	486	280
3	797	207	858	284
sqrt	715	21	901	136
7	399	51	514	123
3	799	64	857	143
4	135	76	232	211
SKMBT_36317040717280_eq33.png	9
4	368	119	535	195
frac	786	124	1078	145
-	708	130	741	139
3	889	148	945	235
6	572	152	623	218
4	703	153	747	167
sqrt	827	20	951	111
3	860	52	920	119
2	553	76	655	145
SKMBT_36317040717260_eq22.png	21
1	286	21	294	44
(	374	25	404	103
)	1091	35	1133	116
-	94	45	141	56
x	414	49	450	89
+	528	52	558	80
frac	262	53	322	62
x	610	58	643	89
+	735	59	766	89
+	924	60	960	89
x	1001	60	1036	94
4	185	62	211	74
x	96	67	137	104
1	474	70	484	98
2	656	77	689	108
4	191	78	215	89
8	832	78	842	90
n	284	80	320	113
8	848	81	858	92
n	1053	83	1082	108
8	870	84	880	96
SKMBT_36317040717363_eq21.png	10
4	836	107	967	178
8	138	111	215	178
-	788	134	830	144
7	246	140	308	177
frac	520	144	618	159
7	982	166	990	178
b	472	20	535	140
+	560	40	619	123
+	618	52	964	178
4	404	71	473	89
SKMBT_36317040717260_eq16.png	24
-	489	107	519	114
frac	176	108	245	117
-	855	110	884	119
-	289	113	326	122
b	584	116	611	159
b	964	118	995	163
4	384	119	420	175
c	750	126	793	164
c	1013	129	1059	165
8	306	131	315	142
b	192	136	229	175
2	959	22	1036	84
d	745	35	780	92
c	385	47	427	84
a	568	48	613	81
a	186	62	235	98
frac	942	90	1065	101
frac	560	91	625	99
x	657	93	690	125
8	303	94	313	103
-	489	95	523	104
frac	379	95	437	107
-	855	98	895	108
-	739	99	798	111
SKMBT_36317040717363_eq31.png	11
c	82	100	128	196
5	200	108	259	200
0	141	122	195	191
5	284	144	413	253
frac	560	150	865	174
=	504	161	583	203
2	687	194	770	267
sqrt	642	20	803	114
(	378	53	404	140
1	330	59	357	139
3	685	69	759	150
SKMBT_36317040717260_eq8.png	12
7	912	22	944	97
(	780	26	810	85
7	478	34	510	102
(	328	38	362	107
6	822	47	852	83
a	867	50	898	82
b	434	50	472	97
a	708	56	754	87
c	540	59	578	98
-	635	60	669	69
a	363	63	420	94
-	634	73	665	82
SKMBT_36317040717360_eq35.png	14
frac	767	139	1133	169
-	602	152	646	165
n	344	174	400	237
-	605	176	657	189
A	940	176	1013	278
m	835	205	938	275
c	771	208	836	271
A	927	21	1015	131
8	836	42	846	51
5	754	68	806	134
8	832	77	846	114
m	854	78	905	119
A	444	86	542	230
6	181	94	341	233
SKMBT_36317040717280_eq25.png	11
a	612	20	708	128
b	797	23	841	114
2	888	23	937	63
7	338	28	389	152
)	844	43	876	136
k	1017	52	1078	142
+	936	56	1008	136
a	532	61	589	112
-	444	69	477	80
frac	727	69	794	80
-	435	91	483	102
SKMBT_36317040717260_eq25.png	12
2	585	20	614	53
)	530	35	567	114
(	318	40	349	118
k	741	50	779	101
b	491	52	526	97
+	662	67	697	97
x	360	70	393	100
a	246	73	292	107
7	82	76	123	141
-	433	79	467	86
4	175	85	201	93
4	174	97	197	106
SKMBT_36317040717340_eq25.png	12
+	880	102	946	162
-	199	107	236	116
x	443	108	526	191
-	204	126	251	139
-	534	130	593	146
1	993	20	1072	193
6	630	33	714	193
2	812	52	868	83
8	55	59	157	227
a	302	85	363	165
)	737	87	782	198
(	400	95	425	179
SKMBT_36317040717363_eq12.png	17
-	766	112	822	131
frac	973	119	1076	127
(	399	21	441	149
b	640	22	697	151
)	676	26	735	173
1	44	27	74	148
+	176	28	259	167
b	269	32	320	159
)	304	38	353	174
b	1097	40	1149	157
2	948	42	982	93
2	1152	43	1178	92
a	451	56	515	138
a	849	58	938	147
a	94	63	169	139
7	776	82	817	96
-	532	88	615	105
SKMBT_36317040717362_eq29.png	15
1	806	109	817	174
1	780	112	790	168
8	640	141	653	156
-	895	149	931	157
frac	1052	153	1164	168
5	570	156	611	230
-	895	178	929	186
1	630	179	644	228
n	661	180	702	230
frac	734	182	828	192
4	756	195	809	270
2	1071	210	1120	251
frac	1079	21	1154	31
1	1038	35	1081	140
2	1101	63	1138	117
SKMBT_36317040717260_eq28.png	8
0	516	22	568	92
0	331	23	380	92
-	442	50	470	58
0	190	54	232	96
8	235	56	245	68
n	259	58	296	96
-	441	65	467	72
8	240	72	247	91
SKMBT_36317040717363_eq25.png	12
+	193	108	275	140
)	668	109	713	215
frac	544	136	630	146
4	205	142	275	167
c	864	148	939	217
7	75	20	164	212
2	745	59	780	131
8	631	61	680	201
1	850	63	873	267
7	420	89	519	211
a	325	96	400	195
+	755	97	849	232
SKMBT_36317040717260_eq18.png	7
0	561	21	608	74
b	384	23	420	78
4	296	41	340	71
a	159	42	206	80
4	483	44	515	53
x	212	46	245	77
-	483	56	510	64
SKMBT_36317040717360_eq26.png	16
-	375	109	412	121
2	1296	112	1340	183
1	928	126	943	180
(	1029	21	1093	170
)	1349	22	1403	141
(	592	25	651	181
)	971	37	1019	150
x	1235	67	1300	126
x	835	68	904	142
x	1050	74	1113	135
a	477	81	556	158
3	255	81	322	225
x	667	82	728	146
-	1142	84	1203	102
7	365	86	410	101
-	764	97	823	114
SKMBT_36317040717340_eq12.png	17
-	1341	101	1386	115
4	1085	110	1158	126
6	527	20	601	147
2	1511	32	1548	68
6	1424	36	1486	179
(	331	50	371	141
2	1289	50	1336	82
b	894	54	949	155
)	618	60	654	150
a	384	63	449	133
(	696	64	735	149
)	976	65	1029	173
a	1199	77	1266	162
a	750	78	803	148
+	445	84	506	121
-	1092	97	1130	108
-	829	97	885	115
SKMBT_36317040717260_eq27.png	12
y	66	107	102	185
frac	249	119	602	135
-	150	126	183	134
-	150	137	175	145
4	339	160	377	213
a	396	177	449	214
2	557	22	587	58
4	267	44	300	100
b	503	48	537	100
c	360	64	397	100
a	317	67	359	100
-	448	78	482	87
SKMBT_36317040717280_eq16.png	24
4	1262	119	1288	131
x	998	122	1062	199
-	765	134	807	147
frac	1080	136	1206	151
frac	1319	140	1640	153
2	612	142	726	254
frac	834	144	980	159
-	1259	146	1292	157
frac	501	148	573	158
frac	306	159	469	171
b	888	161	931	249
-	763	163	795	173
c	1121	166	1187	241
6	1414	169	1459	247
1	526	170	545	227
b	378	181	431	277
c	1481	188	1544	243
d	1099	20	1168	122
4	1477	27	1541	125
a	358	54	417	133
a	883	57	943	126
c	629	62	693	131
0	1417	64	1464	117
4	520	99	542	125
SKMBT_36317040717362_eq6.png	10
frac	846	112	994	127
-	755	128	801	137
sqrt	853	130	963	242
8	914	147	953	227
sqrt	864	20	964	117
frac	616	39	672	49
8	550	49	616	191
4	914	50	951	108
8	606	72	683	211
-	766	91	809	101
SKMBT_36317040717360_eq8.png	12
8	911	20	970	146
(	846	21	897	166
b	374	24	425	144
(	221	25	265	158
)	434	27	485	153
)	1045	37	1092	165
frac	636	74	700	84
c	514	75	575	146
9	744	78	827	142
a	283	79	356	143
c	988	87	1052	146
-	648	95	700	108
SKMBT_36317040717291_eq6.png	11
frac	572	184	625	192
frac	716	195	917	220
frac	365	204	465	221
sqrt	728	20	930	203
-	565	224	622	235
b	389	240	445	332
sqrt	702	251	881	365
6	776	284	842	359
sqrt	284	44	481	339
a	822	64	885	153
a	380	80	446	168
SKMBT_36317040717260_eq13.png	11
n	702	21	732	48
m	611	27	648	48
4	666	30	689	39
n	397	32	430	53
m	173	37	224	58
a	563	52	613	86
a	120	55	169	89
a	341	57	389	88
-	494	58	524	66
-	270	68	306	76
-	492	71	518	79
SKMBT_36317040717363_eq11.png	11
frac	440	127	505	138
8	614	21	658	83
8	748	29	806	113
b	660	36	729	166
n	302	40	350	115
(	72	42	111	178
b	194	48	247	180
a	524	51	593	161
)	258	66	287	185
a	114	78	180	163
7	445	87	495	117
SKMBT_36317040717341_eq23.png	18
8	1215	101	1237	129
8	1391	103	1415	132
1	462	116	474	149
2	838	116	883	170
2	977	123	1027	174
8	577	132	589	161
4	82	132	166	193
k	1599	137	1636	192
-	240	154	297	169
8	911	20	982	153
8	508	38	572	151
x	372	48	451	135
x	771	63	845	149
+	1071	72	1138	161
x	1497	82	1585	170
+	666	87	721	149
-	79	91	176	108
8	1303	99	1331	130
SKMBT_36317040717320_eq22.png	21
9	1216	114	1230	128
6	1282	115	1299	125
-	436	115	485	125
4	1251	116	1268	125
2	1059	130	1094	169
1	849	141	863	171
8	292	144	363	221
-	432	146	485	156
n	565	146	631	223
n	1495	148	1532	191
1	580	20	603	91
8	1411	78	1496	191
)	1537	80	1593	210
x	997	82	1066	171
x	768	82	849	189
(	708	84	737	197
+	895	90	956	151
frac	526	93	667	109
+	1119	94	1170	151
+	1344	95	1388	141
frac	282	96	375	113
SKMBT_36317040717340_eq10.png	10
4	803	101	868	117
n	702	21	749	61
)	654	29	684	159
(	452	35	505	164
m	1009	49	1086	91
m	586	50	640	79
n	1097	52	1142	95
a	511	61	577	146
a	900	71	988	177
-	799	90	845	100
SKMBT_36317040717362_eq11.png	11
8	1083	20	1129	140
n	1154	29	1192	70
n	763	30	796	68
1	545	42	566	162
b	651	46	685	150
n	1021	52	1058	88
1	706	63	726	160
-	881	70	919	79
a	938	71	1008	149
a	587	85	641	168
-	881	99	916	107
SKMBT_36317040717260_eq24.png	6
7	150	21	596	172
2	492	60	518	94
2	282	62	311	93
x	235	87	271	125
+	355	95	391	121
7	438	99	466	142
SKMBT_36317040717351_eq34.png	13
b	1194	21	1303	133
2	850	32	901	79
2	319	37	367	89
A	907	42	992	141
A	362	47	452	149
5	107	55	195	152
2	217	62	226	71
5	671	64	715	130
+	546	67	608	124
5	778	70	830	136
0	724	73	768	131
1	210	84	219	147
n	246	84	301	152
SKMBT_36317040717291_eq29.png	13
s	140	106	222	227
8	231	122	293	214
-	640	151	691	163
frac	444	153	560	170
4	639	181	699	200
frac	802	182	1027	198
8	436	186	550	305
sqrt	821	20	983	152
2	850	224	961	286
sqrt	483	48	566	134
2	906	65	956	129
c	519	80	564	125
2	267	98	357	213
SKMBT_36317040717360_eq17.png	13
-	568	137	638	150
frac	699	143	853	161
frac	270	143	420	165
-	589	163	634	176
b	314	185	365	287
n	775	187	822	235
8	703	193	752	299
n	798	21	843	81
n	465	47	514	123
a	707	55	781	127
(	215	59	275	254
a	293	68	360	134
)	409	68	456	248
SKMBT_36317040717351_eq23.png	15
2	991	120	1052	173
frac	89	122	217	135
1	594	134	606	179
1	715	141	725	199
2	1171	154	1231	205
4	76	154	173	224
frac	258	188	301	195
frac	258	206	320	216
8	617	20	735	175
5	1062	47	1166	204
+	1507	70	1578	132
7	904	71	983	160
7	459	72	546	179
+	794	92	863	158
+	1263	97	1316	164
SKMBT_36317040717260_eq7.png	16
(	773	21	801	80
7	989	22	1024	85
)	300	31	333	98
(	99	33	120	92
6	828	36	860	73
c	949	39	986	73
+	882	40	920	67
+	694	45	724	72
a	596	45	650	78
c	436	47	473	87
+	364	51	400	81
b	266	52	295	91
a	132	54	176	85
+	207	54	243	85
-	521	56	552	63
-	521	68	551	76
SKMBT_36317040717260_eq31.png	14
c	96	109	137	155
0	150	113	194	152
frac	281	115	363	124
0	203	116	243	159
-	459	117	484	124
frac	528	121	655	130
4	460	126	484	136
c	298	138	347	197
2	557	153	634	206
sqrt	534	21	651	106
3	590	49	634	100
-	302	66	356	81
8	311	89	322	105
8	331	90	339	103
SKMBT_36317040717280_eq23.png	22
x	204	112	273	195
-	313	113	351	123
-	298	136	351	147
n	922	204	973	257
9	540	20	609	151
frac	430	26	1515	167
x	752	48	805	125
x	1248	50	1308	127
+	666	52	735	126
+	974	54	1028	121
8	1174	56	1232	127
x	436	60	503	132
-	192	64	264	84
8	1135	74	1146	85
6	1071	74	1085	89
6	1106	76	1119	89
2	813	86	849	129
4	1312	86	1348	139
k	1411	87	1460	145
1	511	90	525	140
1	620	94	633	137
2	924	98	961	135
SKMBT_36317040717340_eq15.png	11
frac	336	122	538	139
x	582	138	627	194
5	708	140	911	289
=	967	142	1035	177
sqrt	1091	149	1366	304
b	398	156	453	285
4	1249	195	1319	304
a	378	20	449	114
c	754	52	823	131
a	1126	64	1202	144
c	1217	74	1276	133
SKMBT_36317040717351_eq33.png	12
0	315	135	378	199
0	226	137	286	205
-	683	141	723	148
frac	777	151	985	162
frac	412	157	569	168
frac	676	165	716	171
3	844	178	917	248
6	444	179	515	260
sqrt	797	21	939	136
3	844	58	908	138
7	426	79	506	148
8	131	91	218	206
SKMBT_36317040717362_eq16.png	24
-	1401	128	1434	137
frac	1487	130	1631	143
x	1149	133	1213	210
8	624	136	634	159
-	930	138	968	147
2	696	148	815	257
frac	1236	150	1346	164
frac	1016	150	1124	169
frac	426	154	561	171
-	1399	166	1435	175
-	930	166	971	175
frac	602	168	655	177
c	1275	170	1316	232
b	1048	171	1090	245
b	489	174	530	253
b	1509	178	1550	263
9	620	196	630	205
c	1559	200	1605	257
d	1580	20	1652	128
2	1254	23	1338	145
5	739	69	789	124
a	1519	74	1575	122
a	1039	75	1087	139
a	464	85	519	151
SKMBT_36317040717260_eq26.png	16
3	511	21	547	87
(	255	21	282	95
(	565	22	592	94
)	873	23	911	96
x	430	48	463	84
x	780	50	815	85
x	617	51	647	84
x	295	51	326	88
a	184	56	235	92
-	363	59	397	69
2	831	61	869	99
-	698	63	736	72
7	28	65	59	122
-	106	67	131	75
1	483	70	490	95
4	107	80	127	88
SKMBT_36317040717360_eq19.png	11
-	950	102	994	111
b	597	21	654	163
0	1032	26	1129	148
2	375	36	434	100
2	769	68	824	111
c	844	68	908	147
-	949	76	989	87
+	475	88	538	158
x	673	90	730	158
a	194	92	281	183
x	292	97	363	170
SKMBT_36317040717291_eq14.png	9
0	266	104	369	249
frac	763	120	964	140
frac	396	125	459	135
-	592	144	653	158
0	758	156	839	268
8	861	159	908	228
frac	589	181	651	194
1	851	20	867	110
8	485	63	529	167
SKMBT_36317040717260_eq1.png	2
2	784	22	814	55
x	718	56	764	100
SKMBT_36317040717291_eq12.png	17
-	872	100	947	117
-	608	110	658	122
frac	1141	123	1204	137
frac	876	143	936	152
(	44	20	109	179
2	1346	36	1418	100
2	1111	40	1164	98
b	1257	42	1334	182
b	680	43	741	166
b	296	44	358	163
(	458	44	510	171
)	747	47	817	192
a	112	52	198	151
)	380	60	421	166
+	214	64	268	141
a	1025	67	1104	167
a	514	84	588	164
SKMBT_36317040717260_eq20.png	9
2	355	22	383	59
4	516	54	556	103
a	110	56	182	114
b	307	57	343	104
-	224	70	266	81
c	633	71	676	106
-	425	75	457	84
a	575	77	627	107
-	224	86	260	94
SKMBT_36317040717291_eq21.png	17
-	983	115	1030	126
frac	427	118	502	131
x	122	121	213	235
frac	694	140	759	152
frac	262	168	321	180
frac	428	195	1339	213
4	256	201	315	219
7	814	20	1326	175
a	784	243	873	327
2	682	245	767	327
b	578	45	637	171
8	707	46	771	127
2	954	54	993	106
b	895	54	942	169
6	1072	58	1146	164
c	1222	64	1302	150
a	1153	70	1222	151
SKMBT_36317040717260_eq21.png	17
frac	259	128	897	144
x	69	146	106	181
-	169	150	196	158
-	167	164	194	171
2	424	169	478	214
2	483	180	546	210
frac	447	22	807	119
2	543	46	575	75
b	507	58	538	104
4	660	61	692	107
b	310	63	347	108
+	379	65	410	88
c	752	72	794	107
a	705	73	743	103
-	604	77	633	85
-	267	83	296	92
-	382	99	413	107
SKMBT_36317040717340_eq26.png	16
8	85	20	191	192
a	382	42	454	138
)	1377	43	1429	200
(	484	49	517	155
x	1221	53	1296	143
)	860	56	894	158
-	250	56	297	65
x	700	58	768	155
(	936	61	977	173
x	556	64	613	151
x	1048	68	1105	148
-	247	75	305	89
2	1311	92	1370	127
-	1131	96	1186	107
1	804	96	816	143
-	626	98	681	110
SKMBT_36317040717340_eq22.png	19
frac	526	109	735	139
(	774	114	806	213
6	846	142	927	226
7	1049	145	1143	219
x	194	145	283	236
-	402	150	451	163
x	1546	153	1638	240
7	981	155	1028	203
4	1440	158	1493	222
8	1226	164	1273	213
4	401	169	461	185
1	953	175	965	214
6	1356	178	1370	190
6	1310	180	1328	191
2	1178	182	1211	219
4	1384	188	1403	197
a	580	189	665	259
1	598	20	611	106
frac	182	99	317	121
SKMBT_36317040717363_eq34.png	13
(	717	109	756	194
n	278	118	330	198
2	1039	120	1098	164
0	758	129	823	192
1	236	132	265	190
s	142	20	229	174
2	354	39	395	98
k	273	50	293	83
8	822	69	901	198
+	556	71	645	201
1	1104	71	1122	224
6	404	73	488	194
x	894	90	982	225
SKMBT_36317040717341_eq15.png	13
frac	768	112	908	143
frac	1139	118	1356	147
-	1006	124	1052	139
b	446	132	530	219
4	1015	150	1060	165
3	804	152	861	238
b	1145	156	1211	238
2	1225	160	1277	238
0	437	20	515	87
c	789	32	874	98
4	1155	48	1308	109
8	644	88	702	143
frac	418	98	565	117
SKMBT_36317040717363_eq10.png	10
frac	475	114	531	125
8	365	20	416	103
(	89	20	123	127
8	214	20	281	95
0	772	21	823	90
8	680	21	758	94
)	281	24	340	169
a	141	37	221	126
a	581	54	676	157
-	462	85	526	103
SKMBT_36317040717291_eq23.png	24
6	1201	100	1215	111
0	1176	104	1186	113
frac	150	104	236	117
6	1149	105	1162	113
2	983	114	1031	167
1	547	116	557	171
1	658	124	669	169
x	172	141	253	256
-	317	176	359	186
frac	450	206	1591	228
8	940	20	1013	202
-	310	216	356	227
a	900	257	997	324
8	1506	27	1574	191
7	575	39	655	201
x	1379	50	1458	147
x	828	54	892	151
+	1281	60	1327	137
x	477	67	549	155
+	1058	74	1106	145
4	728	76	772	146
5	1454	92	1500	127
6	1555	94	1598	165
2	886	96	922	145
SKMBT_36317040717362_eq35.png	13
8	597	125	661	247
frac	862	151	1114	166
+	443	151	500	230
0	492	163	537	223
4	715	168	745	177
n	542	178	591	216
A	1023	182	1090	296
-	715	189	751	198
m	923	192	1024	248
4	967	20	1092	137
8	954	37	963	52
5	886	57	927	123
1	938	78	948	116
SKMBT_36317040717291_eq11.png	11
-	615	106	660	117
frac	604	135	691	154
n	993	20	1053	88
b	316	34	377	179
n	857	37	902	104
b	923	38	982	193
n	485	46	544	103
)	408	46	460	203
a	748	74	833	183
(	146	80	190	225
a	204	95	295	192
SKMBT_36317040717340_eq17.png	13
)	430	102	482	330
frac	304	144	451	170
frac	770	146	1044	174
-	602	149	653	159
-	607	172	684	187
b	871	176	940	324
b	350	179	400	304
n	967	195	998	229
n	932	20	968	54
a	345	22	401	112
(	254	27	298	306
n	516	44	566	93
a	842	48	925	130
SKMBT_36317040717363_eq7.png	19
4	544	100	589	114
(	835	20	873	138
b	900	21	949	154
8	180	27	244	149
+	754	28	819	135
b	245	34	285	145
)	1071	37	1117	172
6	317	37	327	50
+	367	39	424	138
8	950	51	1014	141
7	294	51	347	164
c	1013	54	1064	131
a	638	55	700	131
(	39	57	70	158
1	1051	60	1056	84
6	438	61	477	136
6	466	66	481	92
x	112	73	177	140
4	546	73	591	85
SKMBT_36317040717340_eq34.png	11
frac	1075	106	1161	119
2	318	20	408	64
A	374	21	473	197
A	885	22	996	217
4	170	38	203	60
1	1231	42	1276	214
2	865	44	916	75
4	52	61	255	167
7	502	76	558	131
9	631	76	834	152
frac	1071	86	1132	95
SKMBT_36317040717310_eq7.png	17
7	1415	21	1481	144
1	460	27	489	119
)	523	32	547	123
(	1134	35	1165	107
b	1218	35	1260	110
4	1296	36	1331	96
c	677	37	712	102
(	283	38	314	111
c	1365	45	1398	91
8	402	46	443	123
+	595	47	636	110
8	1056	47	1101	117
a	931	51	985	100
9	332	55	372	101
-	802	55	852	64
6	1327	69	1339	76
frac	797	80	857	89
SKMBT_36317040717260_eq12.png	17
2	849	23	873	54
2	1029	23	1060	56
(	126	24	154	95
)	347	29	383	99
)	635	33	668	109
(	398	38	428	102
b	316	42	348	85
5	598	49	632	92
3	981	51	1021	93
a	171	56	222	88
a	448	56	496	88
+	253	57	284	82
a	792	60	838	90
-	716	64	746	72
-	536	66	576	74
-	909	69	949	79
-	718	77	744	84
SKMBT_36317040717341_eq12.png	15
-	1328	100	1377	116
4	1090	104	1136	123
4	1615	115	1671	137
4	1334	134	1371	151
(	548	21	601	177
)	850	32	920	165
(	958	32	1012	179
2	1525	37	1582	100
)	1214	41	1273	185
b	785	54	859	142
b	1156	63	1213	143
+	706	84	753	143
a	619	89	677	137
a	999	90	1058	140
a	1452	92	1520	168
